Task particlefilter
1 1.26246
2 1.1136
3 1.1136
4 1.18849
7 1.18849
Task nw
1 0.79506
2 0.43174
3 0.43174
4 0.501269
7 0.501269
Task lu
1 8.59878
2 8.10589
3 8.10589
4 8.53057
7 8.53057
Task lavaMD
1 1.79769e+308
2 21.697
3 21.697
4 17.3214
7 17.3214
Task huffman
1 0.314573
2 0.24474
3 0.24474
4 0.316071
7 0.316071
Task heartwall
1 1.26794
2 1.01038
3 1.01038
4 1.01767
7 1.01767
Task gaussian
1 22.3109
2 11.517
3 11.517
4 6.38692
7 6.38692
Task pathfinder
1 20.5527
2 20.4842
3 20.4842
4 20.6617
7 20.6617
